19
7
4
26
19
8
12
31
19
17
0
21
4
11
4
17
27
26
5
14
17
26
18
14
26
8
19
26
22
8
42
26
1
31
2
14
13
40
13
8
4
13
55
19
52
18
15
4
0
10
26
14
5
26
7
34
45
22
0
18
26
4
23
15
14
20
13
3
8
13
6
26
0
26
17
4
63
95
54
31
12
0
19
43
32
52
20
18
28
82
8
88
6
103
24
89
24
4
88
18
7
64
31
0
95
32
57
13
10
11
4
3
45
132
3
118
88
115
20
0
42
123
15
148
31
5
0
2
31
86
88
5
11
115
30
143
142
100
67
109
19
139
117
29
153
8
103
60
20
17
13
139
60
17
8
6
7
19
11
123
165
172
50
80
55
38
96
132
156
79
81
190
97
2
142
126
156
70
26
11
183
185
88
97
32
30
207
58
68
88
80
50
58
40
49
202
20
184
71
214
1
20
1
138
88
29
110
46
11
87
163
166
143
151
18
180
212
93
49
6
237
243
126
